7.852381065934255222e-01
8.270155244627083180e-01
7.530847791467945029e-01
9.721598432443337989e-01
8.441959680982680236e-01
7.635409537472738206e-01
7.945765672997161522e-01
8.850932935656851130e-01
5.695354236499241551e-01
8.376080364226472508e-01
9.909693253256213197e-01
7.206590021601049223e-01
6.156868168772346994e-01
5.769966473909752258e-01
5.912814272238525737e-01
4.742064591240860438e-01
1.211648798345092981e+00
5.540347283085023111e-01
7.903938624986263095e-01
5.976350791382217809e-01
6.937501528429934616e-01
8.317334906208557754e-01
8.028762644290384776e-01
1.022332337179005624e+00
8.547140725034114705e-01
8.452293832716867295e-01
9.865020793436360957e-01
6.546030761746507443e-01
0.000000000000000000e+00
5.532532549775240893e-01
5.531207675800261514e-01
7.579237847296835806e-01
0.000000000000000000e+00
6.905923828257356512e-01
6.587457989088469912e-01
9.128045134335029953e-01
1.027596677042973417e+00
9.094617886956616326e-01
8.181699825834684026e-01
7.200316519308110896e-01
7.858066396348140081e-01
9.895101095759339938e-01
1.331881323368832915e+00
1.095156391911041416e+00
9.060040706564204127e-01
6.863975553077480418e-01
8.057402189673992243e-01
5.899732279444376282e-01
4.863906193828558822e-01
3.452093378138886837e-01
7.925613077456302724e-01
1.002120890628450001e+00
1.033512214281257835e+00
1.060056443650752023e+00
8.033058558779171410e-01
7.930253060697637357e-01
9.505586063518352002e-01
7.781441100053524407e-01
8.892274803416142515e-01
1.018417995725807490e+00
1.141508207476535253e+00
9.054504777611900312e-01
7.291975962906308562e-01
7.606714897939330644e-01
4.918479962367441338e-01
7.897574261633020232e-01
7.245989380120692047e-01
4.882490293174968632e-01
4.589707413886229270e-01
8.741334594702747651e-01
8.397360529210989855e-01
8.127424646949593656e-01
7.543416730515806190e-01
8.060168999130242762e-01
7.329494245463331614e-01
7.057886697312873991e-01
8.060795010874803879e-01
1.086503201519008810e+00
9.399619244004103757e-01
8.318874405103625636e-01
6.023060537965123640e-01
7.174046355811801723e-01
5.524017561026215439e-01
8.425302917895238775e-01
4.131073156632186771e-01
8.063941162233302373e-01
5.637693313494777092e-01
6.058093162022356593e-01
9.915578421897393024e-01
8.973278116094145496e-01
9.329409147883062081e-01
1.176335893975743785e+00
1.175928379291428794e+00
9.725381057455744216e-01
7.086626911831179765e-01
1.030691194131631239e+00
9.672160577153321448e-01
6.102487119202534283e-01
4.710863325828650305e-01
4.067335665800542732e-01
1.061213770728862693e+00
7.211311456894865524e-01
1.264944541555864221e+00
1.053278213418986864e+00
6.362177788150685798e-01
6.842683194885381681e-01
9.373720583563091013e-01
8.611903813267338670e-01
7.307340083947171383e-01
8.530401698617935402e-01
