0.000000000000000000e+00
5.000000000000000182e-11
1.000000000000000036e-10
1.499999999999999990e-10
2.000000000000000073e-10
2.500000000000000156e-10
2.999999999999999980e-10
3.500000000000000321e-10
4.000000000000000146e-10
4.499999999999999970e-10
5.000000000000000311e-10
5.500000000000000653e-10
5.999999999999999960e-10
6.500000000000000301e-10
7.000000000000000643e-10
7.499999999999999950e-10
8.000000000000000291e-10
8.500000000000000633e-10
8.999999999999999940e-10
9.500000000000000281e-10
1.000000000000000062e-09
1.050000000000000096e-09
1.100000000000000131e-09
1.149999999999999958e-09
1.199999999999999992e-09
1.250000000000000026e-09
1.300000000000000060e-09
1.350000000000000094e-09
1.400000000000000129e-09
1.449999999999999956e-09
1.499999999999999990e-09
1.550000000000000024e-09
1.600000000000000058e-09
1.650000000000000092e-09
1.700000000000000127e-09
1.750000000000000161e-09
1.799999999999999988e-09
1.850000000000000022e-09
1.900000000000000056e-09
1.950000000000000090e-09
2.000000000000000125e-09
2.050000000000000159e-09
2.100000000000000193e-09
2.150000000000000227e-09
2.200000000000000261e-09
2.249999999999999882e-09
2.299999999999999916e-09
2.349999999999999950e-09
2.399999999999999984e-09
2.450000000000000018e-09
2.500000000000000052e-09
2.550000000000000086e-09
2.600000000000000121e-09
2.650000000000000155e-09
2.700000000000000189e-09
2.750000000000000223e-09
2.800000000000000257e-09
2.850000000000000291e-09
2.899999999999999912e-09
2.949999999999999946e-09
2.999999999999999980e-09
3.050000000000000014e-09
3.100000000000000048e-09
3.150000000000000082e-09
3.200000000000000117e-09
3.250000000000000151e-09
3.300000000000000185e-09
3.350000000000000219e-09
3.400000000000000253e-09
3.450000000000000287e-09
3.500000000000000321e-09
3.549999999999999942e-09
3.599999999999999976e-09
3.650000000000000010e-09
3.700000000000000044e-09
3.750000000000000492e-09
3.800000000000000113e-09
3.849999999999999733e-09
3.900000000000000181e-09
3.949999999999999801e-09
4.000000000000000249e-09
4.049999999999999870e-09
4.100000000000000317e-09
4.149999999999999938e-09
4.200000000000000386e-09
4.250000000000000006e-09
4.300000000000000454e-09
4.350000000000000074e-09
4.400000000000000522e-09
4.450000000000000143e-09
4.499999999999999763e-09
4.550000000000000211e-09
4.599999999999999832e-09
4.650000000000000279e-09
4.699999999999999900e-09
4.750000000000000348e-09
4.799999999999999968e-09
4.850000000000000416e-09
4.900000000000000036e-09
4.950000000000000484e-09
5.000000000000000105e-09
5.050000000000000552e-09
5.100000000000000173e-09
5.149999999999999793e-09
5.200000000000000241e-09
5.249999999999999862e-09
5.300000000000000309e-09
5.349999999999999930e-09
5.400000000000000378e-09
5.449999999999999998e-09
5.500000000000000446e-09
5.550000000000000066e-09
5.600000000000000514e-09
5.650000000000000135e-09
5.700000000000000582e-09
5.750000000000000203e-09
5.799999999999999824e-09
5.850000000000000271e-09
5.899999999999999892e-09
5.950000000000000340e-09
5.999999999999999960e-09
6.050000000000000408e-09
6.100000000000000028e-09
6.150000000000000476e-09
6.200000000000000097e-09
6.250000000000000544e-09
6.300000000000000165e-09
6.350000000000000613e-09
6.400000000000000233e-09
6.449999999999999854e-09
6.500000000000000301e-09
6.549999999999999922e-09
6.600000000000000370e-09
6.649999999999999990e-09
6.700000000000000438e-09
6.750000000000000059e-09
6.800000000000000506e-09
6.850000000000000127e-09
6.900000000000000574e-09
6.950000000000000195e-09
7.000000000000000643e-09
7.050000000000000263e-09
7.099999999999999884e-09
7.150000000000000332e-09
7.199999999999999952e-09
7.250000000000000400e-09
7.300000000000000020e-09
7.350000000000000468e-09
7.400000000000000089e-09
7.450000000000000536e-09
7.500000000000000984e-09
7.549999999999999777e-09
7.600000000000000225e-09
7.650000000000000673e-09
7.699999999999999466e-09
7.749999999999999914e-09
7.800000000000000362e-09
7.850000000000000809e-09
7.899999999999999603e-09
7.950000000000000051e-09
8.000000000000000498e-09
8.050000000000000946e-09
8.099999999999999739e-09
8.150000000000000187e-09
8.200000000000000635e-09
8.250000000000001083e-09
8.299999999999999876e-09
8.350000000000000324e-09
8.400000000000000771e-09
8.449999999999999565e-09
8.500000000000000012e-09
8.550000000000000460e-09
8.600000000000000908e-09
8.649999999999999701e-09
8.700000000000000149e-09
8.750000000000000597e-09
8.800000000000001044e-09
8.849999999999999838e-09
8.900000000000000285e-09
8.950000000000000733e-09
8.999999999999999527e-09
9.049999999999999974e-09
9.100000000000000422e-09
9.150000000000000870e-09
9.199999999999999663e-09
9.250000000000000111e-09
9.300000000000000559e-09
9.350000000000001006e-09
9.399999999999999800e-09
9.450000000000000247e-09
9.500000000000000695e-09
9.550000000000001143e-09
9.599999999999999936e-09
9.650000000000000384e-09
9.700000000000000832e-09
9.749999999999999625e-09
9.800000000000000073e-09
9.850000000000000520e-09
9.900000000000000968e-09
9.949999999999999762e-09
1.000000000000000021e-08
1.005000000000000066e-08
1.010000000000000110e-08
1.014999999999999990e-08
1.020000000000000035e-08
1.025000000000000079e-08
1.029999999999999959e-08
1.035000000000000003e-08
1.040000000000000048e-08
1.045000000000000093e-08
1.049999999999999972e-08
1.055000000000000017e-08
1.060000000000000062e-08
1.065000000000000107e-08
1.069999999999999986e-08
1.075000000000000031e-08
1.080000000000000076e-08
1.085000000000000120e-08
1.090000000000000000e-08
1.095000000000000044e-08
1.100000000000000089e-08
1.104999999999999969e-08
1.110000000000000013e-08
1.115000000000000058e-08
1.120000000000000103e-08
1.124999999999999982e-08
1.130000000000000027e-08
1.135000000000000072e-08
1.140000000000000116e-08
1.144999999999999996e-08
1.150000000000000041e-08
1.155000000000000085e-08
1.159999999999999965e-08
1.165000000000000009e-08
1.170000000000000054e-08
1.175000000000000099e-08
1.179999999999999978e-08
1.185000000000000023e-08
1.190000000000000068e-08
1.195000000000000113e-08
1.199999999999999992e-08
1.205000000000000037e-08
1.210000000000000082e-08
1.215000000000000126e-08
1.220000000000000006e-08
1.225000000000000050e-08
1.230000000000000095e-08
1.234999999999999975e-08
1.240000000000000019e-08
1.245000000000000064e-08
1.250000000000000109e-08
1.254999999999999988e-08
1.260000000000000033e-08
1.265000000000000078e-08
1.270000000000000123e-08
1.275000000000000002e-08
1.280000000000000047e-08
1.285000000000000091e-08
1.289999999999999971e-08
1.295000000000000016e-08
1.300000000000000060e-08
1.305000000000000105e-08
1.309999999999999984e-08
1.315000000000000029e-08
1.320000000000000074e-08
1.325000000000000119e-08
1.329999999999999998e-08
1.335000000000000043e-08
1.340000000000000088e-08
1.344999999999999967e-08
1.350000000000000012e-08
1.355000000000000056e-08
1.360000000000000101e-08
1.364999999999999981e-08
1.370000000000000025e-08
1.375000000000000070e-08
1.380000000000000115e-08
1.384999999999999994e-08
1.390000000000000039e-08
1.395000000000000084e-08
1.400000000000000129e-08
1.405000000000000008e-08
1.410000000000000053e-08
1.415000000000000097e-08
1.419999999999999977e-08
1.425000000000000022e-08
1.430000000000000066e-08
1.435000000000000111e-08
1.439999999999999990e-08
1.445000000000000035e-08
1.450000000000000080e-08
1.455000000000000125e-08
1.460000000000000004e-08
1.465000000000000049e-08
1.470000000000000094e-08
1.474999999999999973e-08
1.480000000000000018e-08
1.485000000000000063e-08
1.490000000000000107e-08
1.495000000000000152e-08
1.500000000000000197e-08
1.504999999999999911e-08
1.509999999999999955e-08
1.515000000000000000e-08
1.520000000000000045e-08
1.525000000000000090e-08
1.530000000000000135e-08
1.535000000000000179e-08
1.539999999999999893e-08
1.544999999999999938e-08
1.549999999999999983e-08
1.555000000000000028e-08
1.560000000000000072e-08
1.565000000000000117e-08
1.570000000000000162e-08
1.575000000000000207e-08
1.579999999999999921e-08
1.584999999999999965e-08
1.590000000000000010e-08
1.595000000000000055e-08
1.600000000000000100e-08
1.605000000000000144e-08
1.610000000000000189e-08
1.614999999999999903e-08
1.619999999999999948e-08
1.624999999999999993e-08
1.630000000000000037e-08
1.635000000000000082e-08
1.640000000000000127e-08
1.645000000000000172e-08
1.650000000000000217e-08
1.654999999999999930e-08
1.659999999999999975e-08
1.665000000000000020e-08
1.670000000000000065e-08
1.675000000000000109e-08
1.680000000000000154e-08
1.685000000000000199e-08
1.689999999999999913e-08
1.694999999999999958e-08
1.700000000000000002e-08
1.705000000000000047e-08
1.710000000000000092e-08
1.715000000000000137e-08
1.720000000000000182e-08
1.725000000000000226e-08
1.729999999999999940e-08
1.734999999999999985e-08
1.740000000000000030e-08
1.745000000000000075e-08
1.750000000000000119e-08
1.755000000000000164e-08
1.760000000000000209e-08
1.764999999999999923e-08
1.769999999999999968e-08
1.775000000000000012e-08
1.780000000000000057e-08
1.785000000000000102e-08
1.790000000000000147e-08
1.795000000000000191e-08
1.799999999999999905e-08
1.804999999999999950e-08
1.809999999999999995e-08
1.815000000000000040e-08
1.820000000000000084e-08
1.825000000000000129e-08
1.830000000000000174e-08
1.835000000000000219e-08
1.839999999999999933e-08
1.844999999999999977e-08
1.850000000000000022e-08
1.855000000000000067e-08
1.860000000000000112e-08
1.865000000000000156e-08
1.870000000000000201e-08
1.874999999999999915e-08
1.879999999999999960e-08
1.885000000000000005e-08
1.890000000000000049e-08
1.895000000000000094e-08
1.900000000000000139e-08
1.905000000000000184e-08
1.910000000000000229e-08
1.914999999999999942e-08
1.919999999999999987e-08
1.925000000000000032e-08
1.930000000000000077e-08
1.935000000000000122e-08
1.940000000000000166e-08
1.945000000000000211e-08
1.949999999999999925e-08
1.954999999999999970e-08
1.960000000000000015e-08
1.965000000000000059e-08
1.970000000000000104e-08
1.975000000000000149e-08
1.980000000000000194e-08
1.984999999999999908e-08
1.989999999999999952e-08
1.994999999999999997e-08
2.000000000000000042e-08
2.005000000000000087e-08
2.010000000000000131e-08
2.015000000000000176e-08
2.020000000000000221e-08
2.024999999999999935e-08
2.029999999999999980e-08
2.035000000000000024e-08
2.040000000000000069e-08
2.045000000000000114e-08
2.050000000000000159e-08
2.055000000000000203e-08
2.059999999999999917e-08
2.064999999999999962e-08
2.070000000000000007e-08
2.075000000000000052e-08
2.080000000000000096e-08
2.085000000000000141e-08
2.090000000000000186e-08
2.095000000000000231e-08
2.099999999999999945e-08
2.104999999999999989e-08
2.110000000000000034e-08
2.115000000000000079e-08
2.120000000000000124e-08
2.125000000000000169e-08
2.130000000000000213e-08
2.134999999999999927e-08
2.139999999999999972e-08
2.145000000000000017e-08
2.150000000000000062e-08
2.155000000000000106e-08
2.160000000000000151e-08
2.165000000000000196e-08
2.170000000000000241e-08
2.174999999999999955e-08
2.179999999999999999e-08
2.185000000000000044e-08
2.190000000000000089e-08
2.195000000000000134e-08
2.200000000000000178e-08
2.205000000000000223e-08
2.209999999999999937e-08
2.214999999999999982e-08
2.220000000000000027e-08
2.225000000000000071e-08
2.230000000000000116e-08
2.235000000000000161e-08
2.240000000000000206e-08
2.244999999999999920e-08
2.249999999999999964e-08
2.255000000000000009e-08
2.260000000000000054e-08
2.265000000000000099e-08
2.270000000000000143e-08
2.275000000000000188e-08
2.280000000000000233e-08
2.284999999999999947e-08
2.289999999999999992e-08
2.295000000000000036e-08
2.300000000000000081e-08
2.305000000000000126e-08
2.310000000000000171e-08
2.315000000000000216e-08
2.319999999999999929e-08
2.324999999999999974e-08
2.330000000000000019e-08
2.335000000000000064e-08
2.340000000000000109e-08
2.345000000000000153e-08
2.350000000000000198e-08
2.355000000000000243e-08
2.359999999999999957e-08
2.365000000000000002e-08
2.370000000000000046e-08
2.375000000000000091e-08
2.380000000000000136e-08
2.385000000000000181e-08
2.390000000000000225e-08
2.394999999999999939e-08
2.399999999999999984e-08
2.405000000000000029e-08
2.410000000000000074e-08
2.415000000000000118e-08
2.420000000000000163e-08
2.425000000000000208e-08
2.430000000000000253e-08
2.434999999999999967e-08
2.440000000000000011e-08
2.445000000000000056e-08
2.450000000000000101e-08
2.455000000000000146e-08
2.460000000000000190e-08
2.465000000000000235e-08
2.469999999999999949e-08
2.474999999999999994e-08
2.480000000000000039e-08
2.485000000000000083e-08
2.490000000000000128e-08
2.495000000000000173e-08
2.500000000000000218e-08
2.504999999999999932e-08
2.509999999999999976e-08
2.515000000000000021e-08
2.520000000000000066e-08
2.525000000000000111e-08
2.530000000000000156e-08
2.535000000000000200e-08
2.540000000000000245e-08
2.544999999999999959e-08
2.550000000000000004e-08
2.555000000000000048e-08
2.560000000000000093e-08
2.565000000000000138e-08
2.570000000000000183e-08
2.575000000000000228e-08
2.579999999999999941e-08
2.584999999999999986e-08
2.590000000000000031e-08
2.595000000000000076e-08
2.600000000000000121e-08
2.605000000000000165e-08
2.610000000000000210e-08
2.615000000000000255e-08
2.619999999999999969e-08
2.625000000000000014e-08
2.630000000000000058e-08
2.635000000000000103e-08
2.640000000000000148e-08
2.645000000000000193e-08
2.650000000000000237e-08
2.654999999999999951e-08
2.659999999999999996e-08
2.665000000000000041e-08
2.670000000000000086e-08
2.675000000000000130e-08
2.680000000000000175e-08
2.685000000000000220e-08
2.689999999999999934e-08
2.694999999999999979e-08
2.700000000000000023e-08
2.705000000000000068e-08
2.710000000000000113e-08
2.715000000000000158e-08
2.720000000000000202e-08
2.725000000000000247e-08
2.729999999999999961e-08
2.735000000000000006e-08
2.740000000000000051e-08
2.745000000000000095e-08
2.750000000000000140e-08
2.755000000000000185e-08
2.760000000000000230e-08
2.764999999999999944e-08
2.769999999999999988e-08
2.775000000000000033e-08
2.780000000000000078e-08
2.785000000000000123e-08
2.790000000000000168e-08
2.795000000000000212e-08
2.800000000000000257e-08
2.804999999999999971e-08
2.810000000000000016e-08
2.815000000000000061e-08
2.820000000000000105e-08
2.825000000000000150e-08
2.830000000000000195e-08
2.835000000000000240e-08
2.839999999999999954e-08
2.844999999999999998e-08
2.850000000000000043e-08
2.855000000000000088e-08
2.860000000000000133e-08
2.865000000000000177e-08
2.870000000000000222e-08
2.875000000000000267e-08
2.879999999999999981e-08
2.885000000000000026e-08
2.890000000000000070e-08
2.895000000000000115e-08
2.900000000000000160e-08
2.905000000000000205e-08
2.910000000000000249e-08
2.914999999999999963e-08
2.920000000000000008e-08
2.925000000000000053e-08
2.930000000000000098e-08
2.935000000000000142e-08
2.940000000000000187e-08
2.945000000000000232e-08
2.949999999999999946e-08
2.954999999999999991e-08
2.960000000000000035e-08
2.965000000000000080e-08
2.970000000000000125e-08
2.975000000000000170e-08
2.980000000000000215e-08
2.984999999999999928e-08
2.990000000000000304e-08
2.995000000000000018e-08
3.000000000000000394e-08
3.005000000000000108e-08
3.009999999999999821e-08
3.015000000000000197e-08
3.019999999999999911e-08
3.025000000000000287e-08
3.030000000000000001e-08
3.035000000000000376e-08
3.040000000000000090e-08
3.044999999999999804e-08
3.050000000000000180e-08
3.054999999999999894e-08
3.060000000000000269e-08
3.064999999999999983e-08
3.070000000000000359e-08
3.075000000000000073e-08
3.079999999999999787e-08
3.085000000000000162e-08
3.089999999999999876e-08
3.095000000000000252e-08
3.099999999999999966e-08
3.105000000000000341e-08
3.110000000000000055e-08
3.115000000000000431e-08
3.120000000000000145e-08
3.124999999999999859e-08
3.130000000000000234e-08
3.134999999999999948e-08
3.140000000000000324e-08
3.145000000000000038e-08
3.150000000000000413e-08
3.155000000000000127e-08
3.159999999999999841e-08
3.165000000000000217e-08
3.169999999999999931e-08
3.175000000000000306e-08
3.180000000000000020e-08
3.185000000000000396e-08
3.190000000000000110e-08
3.194999999999999824e-08
3.200000000000000199e-08
3.204999999999999913e-08
3.210000000000000289e-08
3.215000000000000003e-08
3.220000000000000378e-08
3.225000000000000092e-08
3.229999999999999806e-08
3.235000000000000182e-08
3.239999999999999896e-08
3.245000000000000271e-08
3.249999999999999985e-08
3.255000000000000361e-08
3.260000000000000075e-08
3.264999999999999789e-08
3.270000000000000164e-08
3.274999999999999878e-08
3.280000000000000254e-08
3.284999999999999968e-08
3.290000000000000343e-08
3.295000000000000057e-08
3.300000000000000433e-08
3.305000000000000147e-08
3.309999999999999861e-08
3.315000000000000236e-08
3.319999999999999950e-08
3.325000000000000326e-08
3.330000000000000040e-08
3.335000000000000416e-08
3.340000000000000129e-08
3.344999999999999843e-08
3.350000000000000219e-08
3.354999999999999933e-08
3.360000000000000309e-08
3.365000000000000022e-08
3.370000000000000398e-08
3.375000000000000112e-08
3.379999999999999826e-08
3.385000000000000202e-08
3.389999999999999915e-08
3.395000000000000291e-08
3.400000000000000005e-08
3.405000000000000381e-08
3.410000000000000095e-08
3.414999999999999808e-08
3.420000000000000184e-08
3.424999999999999898e-08
3.430000000000000274e-08
3.434999999999999987e-08
3.440000000000000363e-08
3.445000000000000077e-08
3.450000000000000453e-08
3.455000000000000167e-08
3.459999999999999880e-08
3.465000000000000256e-08
3.469999999999999970e-08
3.475000000000000346e-08
3.480000000000000060e-08
3.485000000000000435e-08
3.490000000000000149e-08
3.494999999999999863e-08
3.500000000000000239e-08
3.504999999999999953e-08
3.510000000000000328e-08
3.515000000000000042e-08
3.520000000000000418e-08
3.525000000000000132e-08
3.529999999999999846e-08
3.535000000000000221e-08
3.539999999999999935e-08
3.545000000000000311e-08
3.550000000000000025e-08
3.555000000000000400e-08
3.560000000000000114e-08
3.564999999999999828e-08
3.570000000000000204e-08
3.574999999999999918e-08
3.580000000000000293e-08
3.585000000000000007e-08
3.590000000000000383e-08
3.595000000000000097e-08
3.599999999999999811e-08
3.605000000000000186e-08
3.609999999999999900e-08
3.615000000000000276e-08
3.619999999999999990e-08
3.625000000000000365e-08
3.630000000000000079e-08
3.635000000000000455e-08
3.640000000000000169e-08
3.644999999999999883e-08
3.650000000000000258e-08
3.654999999999999972e-08
3.660000000000000348e-08
3.665000000000000062e-08
3.670000000000000437e-08
3.675000000000000151e-08
3.679999999999999865e-08
3.685000000000000241e-08
3.689999999999999955e-08
3.695000000000000330e-08
3.700000000000000044e-08
3.705000000000000420e-08
3.710000000000000134e-08
3.714999999999999848e-08
3.720000000000000223e-08
3.724999999999999937e-08
3.730000000000000313e-08
3.735000000000000027e-08
3.740000000000000403e-08
3.745000000000000116e-08
3.749999999999999830e-08
3.755000000000000206e-08
3.759999999999999920e-08
3.765000000000000295e-08
3.770000000000000009e-08
3.775000000000000385e-08
3.780000000000000099e-08
3.784999999999999813e-08
3.790000000000000188e-08
3.794999999999999902e-08
3.800000000000000278e-08
3.804999999999999992e-08
3.810000000000000368e-08
3.815000000000000081e-08
3.820000000000000457e-08
3.825000000000000171e-08
3.829999999999999885e-08
3.835000000000000261e-08
3.839999999999999974e-08
3.845000000000000350e-08
3.850000000000000064e-08
3.855000000000000440e-08
3.860000000000000154e-08
3.864999999999999867e-08
3.870000000000000243e-08
3.874999999999999957e-08
3.880000000000000333e-08
3.885000000000000047e-08
3.890000000000000422e-08
3.895000000000000136e-08
3.899999999999999850e-08
3.905000000000000226e-08
3.909999999999999940e-08
3.915000000000000315e-08
3.920000000000000029e-08
3.925000000000000405e-08
3.930000000000000119e-08
3.934999999999999833e-08
3.940000000000000208e-08
3.944999999999999922e-08
3.950000000000000298e-08
3.955000000000000012e-08
3.960000000000000387e-08
3.965000000000000101e-08
3.969999999999999815e-08
3.975000000000000191e-08
3.979999999999999905e-08
3.985000000000000280e-08
3.989999999999999994e-08
3.995000000000000370e-08
4.000000000000000084e-08
4.005000000000000459e-08
4.010000000000000173e-08
4.014999999999999887e-08
4.020000000000000263e-08
4.024999999999999977e-08
4.030000000000000352e-08
4.035000000000000066e-08
4.040000000000000442e-08
4.045000000000000156e-08
4.049999999999999870e-08
4.055000000000000245e-08
4.059999999999999959e-08
4.065000000000000335e-08
4.070000000000000049e-08
4.075000000000000424e-08
4.080000000000000138e-08
4.084999999999999852e-08
4.090000000000000228e-08
4.094999999999999942e-08
4.100000000000000317e-08
4.105000000000000031e-08
4.110000000000000407e-08
4.115000000000000121e-08
4.119999999999999835e-08
4.125000000000000210e-08
4.129999999999999924e-08
4.135000000000000300e-08
4.140000000000000014e-08
4.145000000000000389e-08
4.150000000000000103e-08
4.155000000000000479e-08
4.160000000000000193e-08
4.164999999999999907e-08
4.170000000000000282e-08
4.174999999999999996e-08
4.180000000000000372e-08
4.185000000000000086e-08
4.190000000000000462e-08
4.195000000000000175e-08
4.199999999999999889e-08
4.205000000000000265e-08
4.209999999999999979e-08
4.215000000000000355e-08
4.220000000000000068e-08
4.225000000000000444e-08
4.230000000000000158e-08
4.234999999999999872e-08
4.240000000000000248e-08
4.244999999999999961e-08
4.250000000000000337e-08
4.255000000000000051e-08
4.260000000000000427e-08
4.265000000000000141e-08
4.269999999999999854e-08
4.275000000000000230e-08
4.279999999999999944e-08
4.285000000000000320e-08
4.290000000000000034e-08
4.295000000000000409e-08
4.300000000000000123e-08
4.304999999999999837e-08
4.310000000000000213e-08
4.314999999999999926e-08
4.320000000000000302e-08
4.325000000000000016e-08
4.330000000000000392e-08
4.335000000000000106e-08
4.340000000000000481e-08
4.345000000000000195e-08
4.349999999999999909e-08
4.355000000000000285e-08
4.359999999999999999e-08
4.365000000000000374e-08
4.370000000000000088e-08
4.375000000000000464e-08
4.380000000000000178e-08
4.384999999999999892e-08
4.390000000000000267e-08
4.394999999999999981e-08
4.400000000000000357e-08
4.405000000000000071e-08
4.410000000000000446e-08
4.415000000000000160e-08
4.419999999999999874e-08
4.425000000000000250e-08
4.429999999999999964e-08
4.435000000000000339e-08
4.440000000000000053e-08
4.445000000000000429e-08
4.450000000000000143e-08
4.454999999999999857e-08
4.460000000000000232e-08
4.464999999999999946e-08
4.470000000000000322e-08
4.475000000000000036e-08
4.480000000000000411e-08
4.485000000000000125e-08
4.489999999999999839e-08
4.495000000000000215e-08
4.499999999999999929e-08
4.505000000000000304e-08
4.510000000000000018e-08
4.515000000000000394e-08
4.520000000000000108e-08
4.525000000000000483e-08
4.530000000000000197e-08
4.534999999999999911e-08
4.540000000000000287e-08
4.545000000000000001e-08
4.550000000000000376e-08
4.555000000000000090e-08
4.560000000000000466e-08
4.565000000000000180e-08
4.569999999999999894e-08
4.575000000000000269e-08
4.579999999999999983e-08
4.585000000000000359e-08
4.590000000000000073e-08
4.595000000000000449e-08
4.600000000000000162e-08
4.604999999999999876e-08
4.610000000000000252e-08
4.614999999999999966e-08
4.620000000000000342e-08
4.625000000000000055e-08
4.630000000000000431e-08
4.635000000000000145e-08
4.639999999999999859e-08
4.645000000000000234e-08
4.649999999999999948e-08
4.655000000000000324e-08
4.660000000000000038e-08
4.665000000000000414e-08
4.670000000000000127e-08
4.674999999999999841e-08
4.680000000000000217e-08
4.684999999999999931e-08
4.690000000000000307e-08
4.695000000000000020e-08
4.700000000000000396e-08
4.705000000000000110e-08
4.710000000000000486e-08
4.715000000000000200e-08
4.719999999999999913e-08
4.725000000000000289e-08
4.730000000000000003e-08
4.735000000000000379e-08
4.740000000000000093e-08
4.745000000000000468e-08
4.750000000000000182e-08
4.754999999999999896e-08
4.760000000000000272e-08
4.764999999999999986e-08
4.770000000000000361e-08
4.775000000000000075e-08
4.780000000000000451e-08
4.785000000000000165e-08
4.789999999999999879e-08
4.795000000000000254e-08
4.799999999999999968e-08
4.805000000000000344e-08
4.810000000000000058e-08
4.815000000000000433e-08
4.820000000000000147e-08
4.824999999999999861e-08
4.830000000000000237e-08
4.834999999999999951e-08
4.840000000000000326e-08
4.845000000000000040e-08
4.850000000000000416e-08
4.855000000000000130e-08
4.860000000000000505e-08
4.865000000000000219e-08
4.869999999999999933e-08
4.875000000000000309e-08
4.880000000000000023e-08
4.885000000000000398e-08
4.890000000000000112e-08
4.895000000000000488e-08
4.900000000000000202e-08
4.904999999999999916e-08
4.910000000000000291e-08
4.915000000000000005e-08
4.920000000000000381e-08
4.925000000000000095e-08
4.930000000000000470e-08
4.935000000000000184e-08
4.939999999999999898e-08
4.945000000000000274e-08
4.949999999999999988e-08
4.955000000000000363e-08
4.960000000000000077e-08
4.965000000000000453e-08
4.970000000000000167e-08
4.974999999999999881e-08
4.980000000000000256e-08
4.984999999999999970e-08
4.990000000000000346e-08
4.995000000000000060e-08
5.000000000000000435e-08
5.005000000000000149e-08
