6.329063946980116873e-01
6.308050055439722303e-01
6.042637111070755518e-01
5.977321671160713557e-01
6.124509279879586376e-01
5.998944321911123811e-01
5.894466117470038569e-01
5.961413523826845084e-01
6.134240701145958763e-01
5.993547742895326547e-01
6.040167082487596373e-01
5.839464249683032904e-01
5.964547009872468442e-01
5.969681364360465148e-01
6.042640796474538778e-01
5.906308385793772597e-01
5.986486727633139049e-01
5.929802244916001497e-01
6.122311130549592528e-01
5.883355307489641639e-01
5.947075648738944231e-01
6.123731458702471597e-01
6.156005654511246261e-01
6.098521069830327157e-01
6.083598386920013867e-01
6.058821087943540018e-01
6.053062981057265590e-01
5.828345302871382749e-01
5.812723492386340229e-01
5.853311895038090240e-01
5.963830787602538708e-01
5.868837151476502534e-01
5.865888215718959575e-01
5.834496550304965057e-01
5.881968552453553656e-01
5.697848707742627639e-01
5.569399826910150786e-01
5.687030421867536045e-01
5.620480165123724614e-01
5.641879910174524282e-01
5.566602560434916747e-01
5.500128695947893442e-01
5.525632361310507390e-01
5.553876978033039924e-01
5.432394465426209074e-01
5.485114797450335589e-01
5.517138020531998643e-01
5.606973579700470500e-01
5.633642008890014097e-01
5.553920833597513207e-01
5.470960955109680501e-01
5.678968753612011477e-01
5.660686490010693461e-01
5.689767989609884058e-01
5.673376706470428799e-01
6.040545741260799906e-01
6.177408705248406129e-01
6.073166710255096801e-01
6.098328758470376032e-01
6.220700352858077320e-01
6.205956161832845153e-01
6.336314022907080235e-01
6.219690732158235091e-01
6.222640579354977719e-01
6.398690799994378731e-01
6.551034294866264762e-01
6.499527502890593000e-01
6.501190121596456262e-01
6.446313457813239722e-01
6.702509460832083432e-01
6.652232919041657366e-01
6.474128680224576771e-01
6.462055711566331295e-01
6.541478095988092489e-01
6.571566225562804897e-01
6.462443838992367739e-01
6.406884350415981144e-01
6.379007064476481803e-01
6.461767409551841812e-01
6.453917773371273814e-01
6.341699963990240496e-01
6.427249585865880688e-01
6.705831297252247136e-01
6.802633418261492260e-01
6.850716460584229672e-01
6.722615938011266001e-01
6.717467568020798474e-01
6.673728961805016624e-01
6.728523542985180850e-01
6.735868530692269429e-01
6.793088681096109971e-01
7.016098050312695733e-01
7.015363618689360869e-01
6.768066030092046992e-01
6.721481737424006564e-01
6.837580668847155208e-01
6.825288947640456572e-01
6.633148332184759521e-01
6.576370996192535401e-01
6.635303464682262842e-01
6.827987296340066736e-01
6.606321011736953075e-01
6.450598333404314877e-01
6.324790850516427421e-01
6.303944947543815847e-01
6.313116702649776979e-01
6.267514836003873491e-01
6.223591222359640129e-01
6.325462772494868657e-01
6.332642060742109669e-01
6.215381524731677931e-01
5.964723711191461941e-01
6.169636675845101559e-01
6.465078247553983637e-01
6.320535724486675555e-01
6.198085344116253115e-01
