7.027760223899843783e-01
7.015368679338788160e-01
6.980915859623124664e-01
7.249054140986527228e-01
7.264738667506699388e-01
6.727860455902759940e-01
6.858712158841155926e-01
6.770956607157566642e-01
6.611914155035170104e-01
7.027121381967043057e-01
7.011345105651352050e-01
7.004142111533070425e-01
7.009766695569159545e-01
6.902339821598868497e-01
7.027314694232906778e-01
7.124781486324117674e-01
7.247434279044244754e-01
7.065115632531944190e-01
7.209025322143863823e-01
7.098292888814936585e-01
6.944294454113348891e-01
7.105417949300505409e-01
7.118393556376220177e-01
6.801788300859872294e-01
6.844683091780664475e-01
7.262675138702733291e-01
7.311244507453962260e-01
7.250961225456252768e-01
7.294149151775695117e-01
7.357050793036145064e-01
7.212931274994577313e-01
7.258475430845089393e-01
6.942664831522691316e-01
7.039466213179843557e-01
6.936741907838752663e-01
6.746471507801463652e-01
6.910844149502141098e-01
6.806878369239217630e-01
6.789721613472792239e-01
6.686118932185876051e-01
6.769579877537019730e-01
6.920109208451005189e-01
6.717032264921115603e-01
