6.006216537492589103e-01
6.074026868430797421e-01
5.959865446928812593e-01
6.040317124383148828e-01
6.237585245556066527e-01
6.407183559584181953e-01
6.247042088796624926e-01
6.448947178744379727e-01
6.490305621856494733e-01
6.649085397530916097e-01
6.580046204862491921e-01
6.711206046817517201e-01
6.799352380700194320e-01
6.704509768324186103e-01
6.689134863572291367e-01
6.762451455543573298e-01
6.907426203189964697e-01
6.976060938696538871e-01
6.855418702759237259e-01
6.876355839806658210e-01
6.955270640832170725e-01
6.781044687799219206e-01
6.892309565469157961e-01
6.859409944153964656e-01
6.703002313493348074e-01
6.544908656193070273e-01
6.585718046188874242e-01
6.666117353160151415e-01
6.789693201682134305e-01
6.860937652095888684e-01
6.851518580210799181e-01
6.938708520128060719e-01
6.764129211663122421e-01
6.821293983098111191e-01
6.908358388717195098e-01
6.952844318119874023e-01
6.839347115684585310e-01
6.727220570743842609e-01
7.077085766639493736e-01
7.073167660338481877e-01
7.113429137052572626e-01
7.092645810067448320e-01
7.135900257787579637e-01
7.191778599985723108e-01
7.179384558292724039e-01
7.178595865629272543e-01
7.289072867430743674e-01
7.396374239230882885e-01
7.108868526792615494e-01
7.134001102296180230e-01
7.260120819575796025e-01
7.149369912343405131e-01
6.994727027159474142e-01
7.218261095164839602e-01
7.160369955016883114e-01
7.140930299889114430e-01
7.166870720531535177e-01
7.395599160398851346e-01
7.181845114408079711e-01
7.150706444955509111e-01
6.983347003563552535e-01
7.176036227832219838e-01
7.210133887385892226e-01
7.108613986497769321e-01
7.154402663532632989e-01
7.076186114902462965e-01
7.202736366097385323e-01
7.076595814167886411e-01
7.282838415362234974e-01
7.272380435560480416e-01
7.147844432649408386e-01
7.079745268541027814e-01
7.366580311988278895e-01
7.488380900837130483e-01
7.515606646644974465e-01
7.550469088045130839e-01
7.819820536355059915e-01
7.828293117185639582e-01
7.453698194172011515e-01
7.325147198875836541e-01
7.415878715072432570e-01
7.312257435715999732e-01
7.148502536357120851e-01
7.165591970469578076e-01
7.129630856227299196e-01
7.196789714093676515e-01
