5.932960274473884077e-01
6.175233655883168860e-01
6.413682631780601717e-01
6.265108128170424617e-01
6.007027236149549143e-01
5.846688610192862789e-01
5.820137842648360760e-01
5.974914420931258796e-01
5.843582387151928792e-01
5.975143007865774125e-01
5.785320311094340751e-01
5.856080682239663826e-01
5.935449096813428804e-01
6.438560268847777213e-01
6.370661113637560158e-01
6.384326879166106750e-01
6.277970104497648807e-01
6.708522327920971584e-01
7.015187983159032470e-01
7.420729445459075535e-01
7.473879831718109878e-01
7.348714098908469827e-01
7.142032814331370494e-01
7.265648725808852015e-01
7.698769013293101926e-01
8.347187499528164745e-01
8.247177216783850850e-01
8.061119772135343364e-01
8.019404212215912597e-01
8.361660117631107836e-01
8.548484712408659369e-01
8.672412779817303408e-01
8.616296763902594469e-01
8.295995105121229951e-01
8.074648040924198300e-01
8.231033321020287952e-01
8.165822434353601222e-01
7.832206707708703197e-01
7.567071991180086554e-01
7.317247607982463320e-01
7.126097910933658630e-01
7.265516419008147819e-01
7.558602747670761790e-01
7.612503000922562491e-01
7.422867247423857728e-01
7.006913155102459934e-01
6.983179278651847621e-01
6.899088651637320657e-01
7.248498320470238010e-01
7.098225318669276751e-01
7.264406607268111271e-01
7.133503207877861518e-01
7.031108143010813549e-01
6.924423220601367834e-01
7.142852578311140732e-01
7.124101510021985106e-01
7.541106289810138863e-01
7.533960891571434004e-01
7.500948524029725784e-01
7.435346326215598323e-01
7.767883062731268939e-01
7.686333065542089171e-01
7.454209207137137971e-01
7.276995338274476754e-01
7.146773969796218484e-01
7.162218720337076849e-01
7.268953152145728458e-01
7.576035573095156739e-01
7.428317584396070261e-01
7.328797659269349341e-01
7.014749012488291635e-01
7.061502292430515970e-01
7.110239918237700740e-01
7.230811874321289023e-01
7.128582977051806102e-01
7.079448459675380390e-01
6.750852082872815796e-01
6.706280566588235237e-01
6.656739204748399752e-01
6.849527208927220778e-01
6.682277221140043855e-01
6.667022726789753051e-01
6.558698330893399930e-01
6.614998316216149643e-01
6.691864864670515889e-01
6.752580951750162264e-01
6.642468155601254365e-01
6.440592449073216930e-01
6.242803892291546308e-01
6.420140510448506532e-01
6.646831559441261916e-01
6.665607321963434861e-01
6.527607599961864349e-01
6.352718845070818299e-01
6.491753516183266237e-01
6.977450869938245370e-01
7.244927000950632801e-01
7.448313414332604632e-01
7.323708677969147374e-01
7.366952590073178042e-01
7.541976244782071515e-01
7.878978666012961263e-01
