5.870940047065986711e-01
5.871279656838296335e-01
5.948107010818005635e-01
6.037285279257448289e-01
6.091013432535475891e-01
6.088098625870470570e-01
6.124679631936246205e-01
5.948596989592115358e-01
5.986364831554624732e-01
6.003149350819935171e-01
5.950653311760426556e-01
5.911945888536979110e-01
6.051106430675898817e-01
6.067838445223147081e-01
6.165403137730878225e-01
6.368345082766977416e-01
6.439502211715762980e-01
6.378102176749513852e-01
6.108949110310226693e-01
6.063990129976682963e-01
6.059455809847194008e-01
6.335957433311484310e-01
6.276473750454608647e-01
6.179896705046651340e-01
6.093645685116022559e-01
6.357226512291428433e-01
6.295117951956711311e-01
6.431513213165106491e-01
6.407561415559542839e-01
6.408531751907565743e-01
6.415418070150948893e-01
6.415143872030151240e-01
6.404837035235014797e-01
6.460486316823927933e-01
6.381711728327221778e-01
6.079487536976090345e-01
5.871547539599398791e-01
5.840710747044811635e-01
6.120287825817729566e-01
6.263323055317850940e-01
6.030584270798431401e-01
5.782378619147257037e-01
5.695344191047455595e-01
5.833575604361127542e-01
5.874875152822457425e-01
5.628302605367383471e-01
5.710864920644957987e-01
5.488533504692113540e-01
5.459703876321764238e-01
5.556146125081997678e-01
5.619648119182256707e-01
5.721697995165040407e-01
5.561481331351756374e-01
5.301692390972392310e-01
5.293541868334802336e-01
5.517958302517976810e-01
5.660568474948246553e-01
5.622021480883100386e-01
5.465506146918397423e-01
5.433980261925156485e-01
5.556633225634494133e-01
5.615072045629521114e-01
5.645495504723241353e-01
5.633216622553142150e-01
5.634809840533890890e-01
5.810646467492075473e-01
5.919996506259326274e-01
6.087190407701610351e-01
6.116231815231290003e-01
6.052002492871031425e-01
5.923498318520712402e-01
5.950609094864381943e-01
5.956739512290040173e-01
5.989885727109331981e-01
5.904995072997543115e-01
5.936499776319710264e-01
5.947621372779861026e-01
6.090880525419906100e-01
6.158148241259033817e-01
6.124747677322519568e-01
6.076658618973715953e-01
6.245547221740468391e-01
6.302612032918569751e-01
6.161580661688079719e-01
6.156262587797435293e-01
6.087547494281386751e-01
6.061192322188870829e-01
6.192346313113971101e-01
6.137167078979935964e-01
5.997276145783986268e-01
6.098679436386779118e-01
6.161734485240885073e-01
6.363716353452444352e-01
6.312465478494457827e-01
6.295963267856681256e-01
6.315220807040681228e-01
6.422459216225437917e-01
6.518608724188835746e-01
6.474943138871878112e-01
6.495930596437392568e-01
6.576653406475501118e-01
6.566557378528085076e-01
6.634570359224443159e-01
6.573902667866958760e-01
6.508944300913963588e-01
6.683248889584706420e-01
6.859329789237883501e-01
6.845785173147507230e-01
6.792556058496248550e-01
6.749868802539226165e-01
6.769932458194242164e-01
6.935808794500200047e-01
