7.406372971306111053e-01
7.448974609081294718e-01
7.406254402183602981e-01
7.493823245151940426e-01
7.384517724199975985e-01
7.313684941509284165e-01
7.349511395394241475e-01
7.428987806433553498e-01
7.217446711501446233e-01
7.070810687696501562e-01
6.991966913976367382e-01
7.130189687665841047e-01
7.190714393136909965e-01
7.277844440379588331e-01
7.028392861355267085e-01
7.306024606180817615e-01
7.318551669505927171e-01
7.471756611721195318e-01
7.333792063016213447e-01
7.255287771569760569e-01
7.371665944885157362e-01
7.466991522887729271e-01
7.322937250235836970e-01
7.201964637271398573e-01
7.283560431924301914e-01
7.542347341048857290e-01
7.618923106977781856e-01
7.554095164728195089e-01
7.604096016180513784e-01
7.746870676831179026e-01
7.859461490222049429e-01
7.738344383017188299e-01
7.509695173980674987e-01
7.501328302532519476e-01
7.765851298384387480e-01
7.755247668164375607e-01
7.732768167176055085e-01
7.641516406005087747e-01
7.825364682433875174e-01
7.930078532592440554e-01
8.106559350877782233e-01
7.904574950692599966e-01
8.100937312438851734e-01
8.126116330837249713e-01
8.127660555925618757e-01
8.031052612726842233e-01
7.994493115563434671e-01
8.163065969870371141e-01
8.308694640222019645e-01
8.260328450994012250e-01
8.258497928451781211e-01
8.430892381322215856e-01
8.848314495970650562e-01
8.713323870048251818e-01
8.833655301153878758e-01
8.739102275408727749e-01
8.963103876756037813e-01
8.943233075973505697e-01
8.942718162391961600e-01
8.811989083448770188e-01
8.893887698754813220e-01
9.118742601072079568e-01
8.954279003565552841e-01
9.073406099945937608e-01
9.259008006982639705e-01
9.336545400952575013e-01
9.262752595356361640e-01
9.097972686146413857e-01
9.226652738434645284e-01
9.356016777803860540e-01
9.257745798081647992e-01
9.023957077119159065e-01
8.975919740408835334e-01
9.181511202459321508e-01
9.173282129418047770e-01
8.923000930229172400e-01
8.813457007457907721e-01
8.958914830792942263e-01
8.948051921328783465e-01
8.622234477041791356e-01
8.458736416652641310e-01
8.541551873593656863e-01
8.699617571477450406e-01
8.460358727206221952e-01
8.369867876748724456e-01
